[7, 5, 1, 8, 3, 6, 0, 9, 4, 2] dizisinin Binary-Search-Tree aşamalarını yazınız.

root = 7

[7] > [5] => [5],[7]

[7] > [1] -> [5] > [1] => [1],[5],[7]

[7] < [8] => [1],[5],[7],[8]

[7] > [3] -> [5] > [3] -> [1] < [3] => [1],[3],[5],[7],[8]

[7] > [6] -> [5] < [6] => [1],[3],[5],[6],[7],[8]

[7] > [0] -> [5] > [0] -> [1] -> [0] => [0],[1],[3],[5],[6],[7],[8]

[7] < [9] -> [8] < [9] => [0],[1],[3],[5],[6],[7],[8],[9]

[7] > [4] -> [5] > [4] -> [1] < [4] -> [3] < [4] => [0],[1],[3],[4],[5],[6],[7],[8],[9]

[7] > [2] -> [5] > [2] -> [1] < [2] -> [3] > [2] => [0],[1],[2],[3],[4],[5],[6],[7],[8],[9]



              [7] 
          [5]    [8]
      [1]    [6]    [9]
  [0]    [3]
     [2]     [4]






